-1.761245641961464381e+00 1.344336191805568514e+00 1.106421011680972510e+00
-1.255084155054533745e+00 1.355610352624297965e+00 1.635249867403181456e+00
-1.737607559070930563e+00 4.356941416227484432e-01 -1.745347983340574394e-01
-2.381902544732643623e+00 5.797245823157578526e-01 4.599614325940920567e-01
-3.081757120473611611e-01 -9.701490633401406161e-01 -1.657846004297887088e+00
1.733447111225957293e+00 6.865019974629038568e-01 1.310148574005012279e+00
-4.207824972025741572e-01 8.772070916914621597e-01 1.409001309968387128e+00
-2.439772350458328187e+00 -4.183579826596170448e-01 -2.391582618988532249e-01
9.651650410036316519e-01 7.007263356104054264e-01 1.244291364697025948e+00
-4.463292510131072199e-01 -9.332945234645803056e-01 -1.117500517833958984e+00
-1.454210915748873179e+00 1.541028984942832469e+00 9.704255161180280753e-01
1.592073429445824417e-01 1.425762173021271062e+00 1.910183335225392742e+00
1.631103880328812927e+00 1.355690566786804663e+00 1.322656225608481728e+00
-9.346764549132553501e-01 7.555254967935091104e-01 1.393109842545167121e+00
1.484894019966566336e+00 1.253688462773714596e+00 5.491935308227074986e-01
-3.997441908641550246e-01 1.856632823984101455e+00 1.213016487687436751e+00
-1.549641552999997396e+00 -8.716239792085404003e-01 -1.469139289473594623e+00
-1.472487744314193048e+00 -1.232127544525634333e+00 -5.320148182933777115e-01
-2.294218507108761962e+00 3.004836549179280003e-01 -2.711460735622913676e-01
1.618353283684205168e+00 5.332138897637638264e-01 1.037116611839344199e-02
-5.501490806694182556e-01 1.802363079248807898e+00 1.124015810176739016e+00
-1.744019426154824970e+00 1.201716243854041632e+00 5.173747640255105251e-01
-1.810042389675076580e+00 -1.190157411015023481e+00 -1.245450835204960693e+00
1.862912912027457235e+00 9.122162669163043358e-02 7.966787137776596417e-01
4.789888271698005129e-01 1.754206837880315728e+00 1.714702434332892711e+00
1.877466980270535046e+00 1.953966752303966936e-01 -4.941669587562623200e-01
1.085813020049126582e-01 -9.211270931353371383e-01 -1.507969845673152731e+00
-7.635820823606147556e-01 -8.386608956345733557e-01 -1.498699541827586579e+00
1.037848530896051003e+00 -9.541062392371273404e-01 -1.643900264271738854e+00
-1.802121622699714765e+00 -1.215058580446548797e+00 -5.661436455492522279e-01
-9.755992729309495015e-01 6.859796407381082428e-01 1.082025131329158452e+00
7.851090199074155229e-02 1.894405776538223396e+00 1.549537151720820738e+00
1.385434189515343695e+00 -3.911709164937123284e-01 -9.173835652137226626e-01
-1.083723784299322368e+00 -1.247044962995016881e+00 -1.728088904650331381e+00
-2.339167457509624126e-01 1.830185062461963996e+00 1.141884906096991115e+00
1.163709483678497802e+00 -6.596214825065660481e-01 -1.319301595351268785e+00
-9.515703692329550156e-01 1.508683631511700041e+00 8.160416687023913651e-01
-6.890147188606854378e-01 1.279150978083521295e+00 8.067499057413923813e-01
7.107158290480870555e-01 -1.828971952337161255e+00 -1.260267679077737180e+00
-6.531712694809658215e-01 -9.882828844350552977e-01 -1.695323032754235681e+00
1.793087280846010767e+00 -4.313505891080828270e-01 -1.123226952916092758e+00
4.371346949468424836e-01 1.481274755296901446e+00 8.860494236651372812e-01
2.342717622054747206e+00 6.726874373275592012e-01 4.948647936952481063e-01
-1.642201099990905355e+00 9.770276082241799998e-01 2.935247264550138735e-01
1.127145192836637833e+00 1.228424305616427459e+00 6.314301622780924550e-01
-7.429982827738920159e-01 1.133000451344628123e+00 8.031981110749554231e-01
-2.134940052901221019e+00 3.220615355554159454e-01 -3.587447984630944275e-01
1.520188063070106788e+00 -6.852264330424510941e-02 -3.886694489607581682e-01
-6.088562680126992088e-01 -1.579401503396714812e+00 -1.809857415080329046e+00
-4.146619571930142967e-01 1.460718820791783390e+00 8.849881741437903848e-01
1.318703149856408796e+00 -4.219942059222685504e-01 -7.273777826707613636e-01
1.746697645109611008e+00 -1.036648657529543494e+00 -3.295639266384386423e-01
-1.199785504047998774e+00 -5.416603290022499184e-01 -8.352884137453934210e-01
-7.018176882525734017e-01 1.053190756377083703e+00 8.539681227189134249e-01
-1.592405574139110325e+00 1.481366785239243589e+00 1.079907208523716466e+00
-1.794653903418084173e+00 6.760855012412155807e-01 -1.472115518674596297e-03
-1.186918678444614378e-02 1.505782943118383344e+00 1.905732605063396035e+00
1.191164984864094389e+00 -1.527109968532446072e+00 -1.579127046485562014e+00
8.217983164831844656e-01 7.597177429572238294e-01 1.269861963499061108e+00
1.447385967382892380e+00 1.544504952687174137e+00 9.726993620293593601e-01
2.236536379054870238e+00 -8.604994824120608676e-01 -5.440623625021904219e-01
8.722499881653746900e-01 -7.356189508693602441e-01 -1.179277876276905612e+00
1.067311971620890088e-01 1.249871470354976699e+00 9.384972291244138010e-01
1.501028912460442566e+00 1.792070267521485571e-01 6.027919219478015123e-01
1.907825991621298733e+00 9.234669592995732312e-01 2.239766567765213712e-01
-1.029303465014341779e+00 1.505444587140940982e+00 1.689697896678244549e+00
1.978853207577480289e+00 8.322173224543233383e-01 1.177600524963684281e+00
1.631611073036234538e+00 8.614097433796384928e-01 1.428483469753119017e+00
1.937766506716990689e+00 -9.445879809790292958e-01 -1.207886836051769608e+00
-1.785371956488697842e+00 -5.288665710051496660e-01 1.241255184282740731e-01
1.187569766854607689e+00 -8.910290264929973114e-01 -5.467037703277346505e-01
2.968930302955505307e-01 9.212077507557719924e-01 1.231027144929953687e+00
-2.010060845033693422e+00 6.537500482722648221e-02 7.601161380612152518e-01
1.520770853223182950e+00 -1.523277961062177388e+00 -1.049257749728317979e+00
-1.284300963653778993e+00 7.849239407070394137e-01 4.585424250863233686e-01
-9.475736348707318735e-01 -1.690817525252120257e+00 -1.008370259464253849e+00
-1.969994187021464560e+00 5.134789390698220046e-01 -1.932174595952177998e-01
5.020020479512073974e-01 -1.287190078443112506e+00 -1.867031486708298882e+00
-1.042459953017731866e+00 1.170993144410359621e+00 1.733350191120806016e+00
-1.290924257809771714e+00 5.407334434915520571e-01 5.395596900106832683e-01
6.584384506139763227e-01 1.610978824183983749e+00 1.778784073270775590e+00
-6.091663331627118483e-01 -1.586179317995296545e+00 -1.806488728267887200e+00
1.498078114609717515e+00 -7.996346517740715587e-02 -2.698026457887065521e-01
-9.125549291996870593e-01 7.430806471442266137e-01 1.341491030659727857e+00
1.595148819106660731e+00 -1.106813940951327929e-01 3.169630526644004465e-01
1.214273737833318156e+00 -7.343127567269049916e-01 -1.438990576902725138e+00
2.138890797542719380e+00 -7.883406530112949673e-01 -9.866225627843581147e-01
2.192449937034290031e+00 -8.383073589210201515e-01 -3.206378527101402254e-01
-1.199542437228202640e+00 1.226562841147762262e+00 6.029963517187325595e-01
-1.469503544155213559e+00 -1.494718307087545162e+00 -8.604249780669931402e-01
-1.579569947590564460e+00 1.066760150492942705e+00 3.796967552094848153e-01
-2.432256122620758632e+00 -4.262933584818076604e-01 -1.878883947541042931e-01
-1.998986778903114603e+00 5.585283030486909439e-01 -1.480152448711628266e-01
-2.158140723460356014e+00 7.958496284405934540e-02 -5.764607185804716538e-01
1.019090441583638373e+00 -9.622405203044696043e-01 -1.651793227925912877e+00
2.413875776574623266e+00 4.300889083971836113e-01 1.023867916682656698e-01
6.333276500132717368e-01 -1.572045306459306513e+00 -8.949632864188249437e-01
-1.377471891334253185e+00 1.157384514495745753e+00 5.032824091397095634e-01
-6.498654865208605136e-01 1.847113263504001068e+00 1.309209702834077005e+00
1.786476270956841805e+00 -6.944414174453521493e-01 -1.728964702306216156e-02
-1.347810201002415997e+00 1.611964564802085054e+00 1.237641666071564339e+00
2.938677495171589937e-01 1.858001313872179816e+00 1.606429236076242439e+00
-1.047136119878135929e+00 6.820380264929624126e-01 8.735406013063746755e-01
-3.452779186779107445e-01 1.646412031289648636e+00 9.613821213481861250e-01
-4.220697292574271953e-01 -1.698233165979785131e+00 -9.946208968858420985e-01
-7.566185991900449374e-03 -1.029972112171209764e+00 -1.094248743011043690e+00
-2.054437641108295409e+00 -2.765095827343355128e-01 -9.117549052204056981e-01
1.391192316773708582e+00 -1.174712494554893460e+00 -5.091461473740352961e-01
1.263789481001351245e+00 9.749984765154876554e-01 4.918433006265940932e-01
3.538126485898347995e-01 1.868883108533973658e+00 1.237132661167419156e+00
-1.216080978422225733e+00 1.632512964622539808e+00 1.418553317694499771e+00
-6.432308277265728069e-01 1.844839334834394107e+00 1.438877934986465323e+00
2.038740309209210011e+00 -6.655836879657983651e-01 3.058622598480367771e-02
8.230187107127984181e-01 -1.508074339625028237e+00 -8.338728427281412170e-01
-1.056691552102229981e+00 1.260376101317924213e+00 1.737835190303607336e+00
7.173138343715514953e-01 1.083138600521098116e+00 1.763292110986691696e+00
1.283627628352894678e-01 1.373763144053993024e+00 9.119748247368419936e-01
-1.506351201353997915e+00 9.155099245655360374e-01 3.126080678810140290e-01
-1.670559396043020284e+00 5.173096051476745449e-01 1.216974270544350922e+00
-8.769238993118313452e-01 -7.364362028336114419e-01 -1.247070687125201083e+00
-2.724553221092472222e-01 1.811489496308556379e+00 1.115265844063551226e+00
-5.421304319386229809e-01 9.362219042610170350e-01 1.626463865333153125e+00
-1.408422708446203764e+00 1.121150226570278630e+00 4.711481488034133247e-01
2.289796218862558685e+00 -5.326771293569168009e-01 1.151470470404673471e-02
-1.331744451457426814e+00 -1.591395254062473397e+00 -1.350755319217511463e+00
1.463464844248759889e+00 -3.962583559575382774e-01 -1.029110097583599615e+00
-1.835657514289494641e+00 -9.541288539391881152e-01 -2.477606202083296461e-01
7.215082565799779690e-01 1.218281967206309213e+00 1.817959480018404683e+00
-8.083701103266193178e-01 1.002681023470606281e+00 1.701563436785158645e+00
-1.475263923302442270e+00 -4.100366829468970464e-01 -1.665784079529655792e-01
1.755280633803081525e+00 1.136774776530427467e+00 4.385256750265876247e-01
6.190939945309964498e-02 -1.532177097391623999e+00 -9.277391198601602218e-01
-1.530615014057055578e+00 -1.978274245717488444e-01 5.779382497893982562e-02
2.144423556083221438e+00 -9.893640224410163997e-01 -7.308885858628121346e-01
-1.519268654402718965e+00 -1.430758549202740371e+00 -1.374167907970071489e+00
-3.664300212354655306e-01 1.246315605731830756e+00 9.025760676350634837e-01
-2.037163875547780278e-01 1.876812306826564081e+00 1.234927619299233559e+00
-2.151551395404072142e+00 2.739111557758633908e-01 -3.991075143549853155e-01
-1.404680825064995586e+00 8.309385851875364937e-01 1.498533844498915579e+00
1.762768111067656518e+00 -6.639152511946605495e-01 -1.285859381753907904e+00
1.631500933847470858e+00 -9.208048161545425714e-01 -1.444099928483311812e+00
-1.713012814756202040e+00 -6.296967615465570711e-02 -7.098414496952044628e-01
2.434516739876797509e+00 -3.683500046888190105e-01 -7.360886280897416256e-02
2.057388118674481792e+00 -2.623082504706332474e-02 -7.117733033745523574e-01
-1.687088851377831267e+00 -1.418936600969948669e+00 -9.886356181146960243e-01
1.582725633943127264e+00 8.630403477173775872e-01 1.451809966519577610e+00
1.829554519224250164e+00 2.288672813873966483e-01 -4.389108555358184338e-01
1.334515467564850733e+00 -1.342505688926325380e+00 -6.411977747727564125e-01
-1.212818123796711722e+00 -1.622792774732454646e+00 -9.757100745133194808e-01
1.335774656816239192e+00 -4.064744542940872951e-01 -6.512911505494259901e-01
-1.498246776671740443e+00 -1.500795812897663728e+00 -9.008924423735983344e-01
1.291399099966198616e+00 1.378939582723726964e+00 6.762612610933197432e-01
-1.026117550975908843e+00 -8.462553979321409958e-01 -1.552937319142718486e+00
1.057978016438346769e+00 -1.144139705866990431e+00 -1.723205142558961178e+00
-4.947977563158145187e-01 1.556916685296088732e+00 9.035497927398181695e-01
2.285972778556900842e+00 7.521822260843659125e-01 3.660208732404692800e-01
1.728399504493192684e-01 -1.481901849353427503e+00 -1.904583839055919992e+00
-1.440345941826791210e+00 -7.307038259017538673e-01 -2.876524762405800462e-01
2.355938238821057240e+00 1.566046097991044897e-02 4.732812705213849114e-01
-1.142546883993105222e+00 -1.120754648852584801e+00 -5.943233213749974375e-01
-6.754616835934845742e-01 1.534648212540531187e+00 8.699063284780371719e-01
5.900605829346555753e-01 1.741215897259703826e+00 1.692715443676201970e+00
5.972046182846999507e-01 1.129998193904658166e+00 1.801310279065189368e+00
-1.378498165040302981e+00 1.148660053341878928e+00 4.979073394015752219e-01
1.293993232110905445e-01 -1.659298813858986810e+00 -1.846289502141094552e+00
1.588458543635709930e+00 -1.169821466498872919e-01 -6.616909863690838556e-01
-9.157271625709000329e-01 -9.353345851412252498e-01 -7.696093087037265690e-01
-8.327623393079689462e-01 7.726124803759883974e-01 1.070188475761626679e+00
-3.177256221810404457e-01 9.601240300391832294e-01 1.135720953772948905e+00
7.662393371591220692e-01 1.555022778888720092e+00 1.773862768294159675e+00
1.214884416252763222e+00 7.104915647706656623e-01 5.608517565297219676e-01
-2.283869032159935308e+00 -7.205515899638740285e-01 -7.174457172199970589e-01
1.700233976355604915e+00 -3.594608737747579386e-01 -1.065784635642448297e+00
2.233988857520559979e+00 -1.203139459548022566e-01 4.925162778023551291e-01
2.832347296562633815e-02 -1.650749545649820016e+00 -9.736309354689423046e-01
-2.438526190117920045e+00 -3.590099350865185168e-01 -4.113563660485589635e-01
1.604332578256139286e+00 3.835935409779288041e-01 -7.455609048700057029e-02
-2.188875770874831872e+00 2.683963930623318728e-01 8.132887444561672785e-01
-1.520019280406221585e+00 7.703812102344067547e-01 2.308485936817681883e-01
1.771642991578638471e+00 -2.320685707903966111e-01 -9.362799657703275713e-01
-2.371784528964867356e+00 2.544895414718890692e-01 -2.181043353756114411e-01
1.108937626294304035e+00 -6.053638186406806732e-01 -9.672160336602411146e-01
5.465996976856458689e-01 1.742091395158037681e+00 1.037237239624998475e+00
-2.004785172002470361e-01 -1.776204340092909284e+00 -1.069807209235906553e+00
-1.740004845051007498e-01 1.103639878644679051e+00 1.009673622165911944e+00
-7.662605136857830908e-03 9.363151158850305800e-01 1.561253872144132471e+00
1.415886277073566124e-01 1.795077302741738823e+00 1.731954136008999390e+00
1.289123337940597969e+00 4.573160647885249896e-01 7.329972884142855749e-01
-2.016373832498984164e+00 -6.391919477421597051e-01 -1.117474819841032696e+00
9.533690723980412507e-01 7.681536115259954833e-01 1.429550555867521444e+00
1.206455072237871740e+00 1.677112639515026205e+00 1.277088054922309368e+00
-1.998122488010974640e-01 1.056000213803922172e+00 1.046479765576094678e+00
1.840212189141289034e+00 -1.271251827233903509e+00 -7.291426970283104714e-01
-4.270642217655231665e-01 -1.744309053257380837e+00 -1.739238527658416356e+00
-2.351399870050001895e-01 -1.675337082311192383e+00 -9.839781975708465911e-01
-1.652147366821864249e+00 -1.275725462591402293e+00 -1.369415958950674028e+00
-1.097501163670780322e+00 -6.418754984515289141e-01 -1.224031246912032023e+00
-2.241926992895195703e+00 -4.073791011982759724e-01 -8.226007118403880769e-01
-1.271850541653694266e+00 -1.650054083820880368e+00 -1.243091003246026505e+00
-1.736066784863631307e+00 1.170724506293980172e+00 4.751883904898956401e-01
1.569576281731351441e+00 1.493346713950160831e+00 1.120915882585445278e+00
-1.168368864049462719e+00 -1.040595599443653763e+00 -1.661321215887905378e+00
6.426140469113544862e-01 -1.244468971241100119e+00 -1.837650634414563111e+00
6.610606818613494751e-01 -1.807321391551546252e+00 -1.553467116661676695e+00
2.240373019694298584e+00 -8.182950375180884084e-01 -7.410478257240501465e-01
-2.013407135276693793e+00 -3.634118553160982090e-01 -9.914690008416202627e-01
8.153109009599456281e-01 8.494974522064134836e-01 9.376745377003601334e-01
9.264091225682925534e-01 1.721164399470260120e+00 1.536118831273364904e+00
1.478046160740331461e+00 1.111177225221832376e+00 1.549332073233223417e+00
-2.015880840458811996e+00 -1.770293941780916591e-01 5.287028889074825155e-01
1.452733392518437139e+00 1.264376937383752120e+00 5.617722284782110664e-01
9.906641457838885612e-03 -1.143820686652628815e+00 -9.935956600021783602e-01
-1.462939118090049062e+00 3.390032501281277644e-01 9.161310820433944402e-01
-3.356583034395386189e-01 -1.790556847685501163e+00 -1.089229286986381107e+00
3.811346017541361042e-01 -9.374824895446405293e-01 -1.147046388217585200e+00
-1.570657856592232227e+00 -4.134214766849750866e-01 -1.107221440938914281e+00
-2.460669305980249355e+00 3.097258248279801118e-01 1.012130482203877913e-01
-3.584312918147384286e-01 -9.183559878246161379e-01 -1.203122222570814692e+00
-1.789928736556096078e+00 5.702142833111997211e-01 1.222351689691077103e+00
2.145627983462649713e+00 7.972833522453965927e-01 1.902187114725720496e-01
1.793822723795980512e+00 4.433632706676844393e-01 1.132575132841354248e+00
-3.175188297856653130e-01 1.317641738731710754e+00 8.971955222653059669e-01
-1.629557776781982437e+00 1.008635959603526588e+00 1.457167502996816744e+00
1.500057785461849091e+00 -4.578970981112660821e-02 -1.704352647490766648e-01
6.655993826529966739e-01 -8.590745499203034097e-01 -1.082193191227999618e+00
-2.336876984482499697e+00 6.865572657981315885e-01 4.509271407020333799e-01
2.200333515564373066e+00 -6.113594185573868467e-01 7.935895140240666404e-03
7.199550787207428248e-01 -1.514068795479168505e+00 -1.805840533658707336e+00
-1.328744268888621072e+00 5.140761837947582791e-01 1.143129602085653618e+00
-2.243803006796613264e+00 7.022381074061143647e-01 8.301800883901723216e-01
-9.168008428162430223e-02 1.378408710112912772e+00 1.911743116543822341e+00
1.693699110526320606e+00 1.178320607209127013e+00 1.381516472022759068e+00
2.655670465472447228e-01 1.893506327254463883e+00 1.305114364448874520e+00
-2.229790884731456924e+00 -7.908557577547907780e-01 -8.074817979005585178e-01
1.270782813328563243e+00 -6.509943306238417104e-01 -5.046175893368288756e-01
-1.536744931118665614e+00 -3.445154782532015014e-01 -1.495736349891209002e-02
-2.102807778480894285e+00 -1.029319483090515241e+00 -8.284220840283970100e-01
-2.247464961726366006e+00 8.091187311395409143e-01 3.877595371858305606e-01
-1.909256360606112146e+00 6.384950415338861429e-01 1.195483474435116156e+00
1.496042988062512347e+00 2.828171101017563083e-01 8.955496103360657822e-02
1.355071909671361929e+00 -4.199343267550088021e-01 -5.004395478851345613e-01
1.540307999968389963e+00 -5.518651901124539405e-01 -1.258959069015052279e+00
1.767974088499304042e+00 7.448397504235841904e-01 6.654092744820777616e-02
-1.389533388154978066e+00 1.104143959459366719e+00 4.691559789945543013e-01
-2.077046876031742872e+00 -1.286741988073045531e-02 6.705016343988279282e-01
-5.115995317816524057e-01 -1.250582433779440006e+00 -8.648871911197950624e-01
-2.120550652093859956e+00 1.006665114653182425e+00 5.816726796252219556e-01
-1.742391131412303618e-01 9.612188384931161789e-01 1.632098278062018792e+00
-2.110222827212246965e+00 -8.010461489002539404e-01 -1.646582415182634707e-01
1.448863293326050128e+00 -5.096526607002983544e-01 -2.307201591642749072e-01
1.072426401626028092e+00 1.689028198623629740e+00 1.049787559638046819e+00
1.744904180531780424e+00 -1.020256372108015119e+00 -1.375879423040158755e+00
1.061388516033543672e+00 8.894314082174232805e-01 1.592823980377060744e+00
3.170878804258307482e-01 9.750324755556765144e-01 1.112061157043824355e+00
-1.975894412506374431e+00 -2.701796758132514742e-01 -9.428890370602862614e-01
-6.005977531756373500e-01 9.686685222089113090e-01 9.752176250965429727e-01
-1.795968077977791566e+00 -9.182338375736383007e-01 -1.338118457604572376e+00
1.630218856079581127e-02 -1.553781426089541950e+00 -9.340498518380973003e-01
4.353245978936187144e-01 -1.386372617011942365e+00 -1.885504644780086281e+00
1.749572895791882132e+00 1.332937286142145350e+00 7.571809928851938043e-01
1.687817685502085441e+00 -6.595946815539309727e-01 -4.016349701164625974e-02
-9.908217048033354235e-01 7.352324682452076043e-01 1.379369507996673017e+00
1.601810292498043076e+00 -2.954120875826453663e-01 1.392340306904235048e-01
-5.684705116939428038e-01 -1.356019067253446231e+00 -8.432141318297234900e-01
-4.928452434498835077e-01 1.839922291541836064e+00 1.572744905280447858e+00
-7.337551341559170881e-01 1.699420551602693008e+00 9.947524065017998574e-01
5.828891927271569184e-02 -1.869844323717185119e+00 -1.618559904428399365e+00
1.189396958111696545e+00 5.653898348244876804e-01 1.103085348492029549e+00
1.460566225973100485e+00 9.535480181594752080e-01 3.582139884775124017e-01
-1.891669527283791119e+00 -9.466741402880549106e-03 -7.142696631430546228e-01
-1.016505219793398807e+00 1.206582945951276908e+00 6.720392325259593180e-01
4.503886632363356957e-01 9.254461003181314593e-01 1.129510812315821955e+00
3.986125272566136690e-01 -8.905674623843414794e-01 -1.477812116856038305e+00
-8.569564696085222311e-01 -1.023540243277949680e+00 -7.730808169367692217e-01
1.248209481264821230e+00 1.436934700460896552e+00 7.305996638335606752e-01
-2.550791161158191267e-01 1.352050289002201255e+00 1.901513262176943053e+00
-1.652712467029157084e+00 1.602312013490421183e-01 7.997580492766532823e-01
-1.814871605107382546e+00 5.491525454555544750e-01 1.199607925050778956e+00
2.084583693417480621e+00 9.164671150150927037e-01 1.021074190249195768e+00
1.252747726274963114e+00 1.598838440131519878e+00 9.464483835424221114e-01
2.457427025235177975e+00 2.979565463040614315e-01 3.436486648551231871e-01
1.663877663009524666e+00 7.056439412687723345e-02 -4.834458158062472366e-01
5.895899267397871624e-01 -1.807117405442672631e+00 -1.139972251381674129e+00
4.643580581808433028e-01 -8.724898750682781312e-01 -1.280470643131328190e+00
1.918980401727415241e+00 -5.249242645766410975e-01 1.761381600368299716e-01
-1.744969756081303780e+00 -3.050368927217297355e-01 3.031733151392008718e-01
1.043787617139966706e+00 1.408250528818966174e+00 7.375385529109308447e-01
1.181716856420736095e+00 1.673888354700122871e+00 1.355537806970616321e+00
5.398158803286852159e-01 1.471552130365231248e+00 1.860845412651094710e+00
1.839874896016330474e+00 1.301948260133324542e+00 8.791857248339429720e-01
-7.680003094099002725e-01 1.281200917302030451e+00 7.798843996003338441e-01
-1.526063574720738947e+00 2.339049064040422399e-01 7.865028665650323214e-01
8.568983227456122842e-01 1.232005382800431148e+00 1.793072645919405073e+00
-1.908666542158585333e+00 9.758900095142623021e-01 1.232283951008629863e+00
-1.939310847034209750e+00 -2.815548372733731597e-01 -9.643305631308227710e-01
-9.293174015685661260e-01 -1.339490611727613745e+00 -1.777969443162253693e+00
1.794495141866319310e+00 4.147851662053631677e-02 7.260474852733584950e-01
-1.956998419705586523e+00 1.093832065026117517e+00 4.835397905899379567e-01
2.791811048016842878e-01 -9.241791478181818897e-01 -1.556472445221649847e+00
-1.393904564090644893e+00 4.276881170669265542e-01 3.637416946630905867e-01
-1.864327520651239745e+00 -2.646084723416687323e-01 -9.669908937608838739e-01
-1.729613384250791308e-01 -1.768390071532237373e+00 -1.061383404155135990e+00
-5.547389951105741179e-01 1.616686919041809167e+00 1.804620797011913913e+00
-1.403502424312762953e+00 7.531375348986436569e-01 3.306063288041833359e-01
-4.183660324390854890e-01 1.885730994116602499e+00 1.346977440446916141e+00
6.138909552030914485e-01 1.168021642268769034e+00 1.817146229918330524e+00
6.152794849547090772e-01 -1.022771852126454384e+00 -1.727630953517314660e+00
-1.774566169432523655e+00 -4.183264750430253365e-01 2.168449143261964029e-01
1.898241224977266661e+00 1.027728552296240105e-01 -5.974088937996430149e-01
-1.500037341931299562e+00 2.202527818508808743e-01 5.976311419200276698e-02
-3.621924956901817483e-01 8.863414788676194922e-01 1.405817433355438073e+00
1.076021094343803775e+00 -7.123120263143278841e-01 -1.375719893542423078e+00
1.948613672056796142e+00 -4.941170006831919204e-01 -1.104289312073667872e+00
1.751344566414752224e+00 1.340348557759644788e+00 1.143230153178633079e+00
-1.489789969145481230e+00 3.185894866035019479e-01 1.154557056784983327e-01
1.273875604423058694e-01 -1.699286240120178260e+00 -1.002540011168324030e+00
-1.506477874111099124e+00 3.191472530613264635e-01 9.278507593501014172e-01
-1.156280824727035084e+00 1.118147961787308908e+00 1.687659336536404320e+00
2.395218478762635606e+00 2.349411639815976727e-01 5.276129506041803419e-01
1.226850345238229334e+00 -9.774494917412902550e-01 -1.619990890362515090e+00
-1.339218668310570903e+00 -1.383051052508105228e+00 -6.765964746504143923e-01
-6.966574080561338533e-01 9.731374546726831998e-01 9.088242444603747971e-01
1.483768497520300711e+00 -2.447147311013255500e-01 -1.274445441194544670e-01
-6.591815560845046273e-02 -1.902914048886716225e+00 -1.311015525879264843e+00
-7.927091354573886361e-01 -1.729890452969850445e+00 -1.612929573749139145e+00
1.604979729687006529e+00 3.912685962403578688e-01 -6.992032520565236164e-02
-1.916381344812432275e+00 -2.709961601471165549e-02 6.788177414644726015e-01
-1.022235525397729994e+00 -7.499308363211388828e-01 -8.054952812088003178e-01
3.483543523797549279e-01 -1.048777365086356994e+00 -1.015357247961611309e+00
2.297104892265163567e+00 -6.519684096990799871e-01 -1.776563850900562680e-01
1.498132069097851238e+00 7.835743427411259177e-01 2.544862596000987964e-01
-9.902429726607718807e-01 -7.361024921704242274e-01 -1.380962575385117352e+00
1.609529055183481772e+00 1.663935724619158840e-01 -2.787082659019986530e-01
1.503267539619627780e+00 -7.779257148474444383e-01 -1.441310901907069120e+00
-1.222380270394091806e+00 -1.646426192597194360e+00 -1.375779566479690352e+00
1.026284989407789255e-01 -1.239791821457464360e+00 -9.423220390384343670e-01
1.198170872607575266e+00 -8.609604059725595171e-01 -5.397759669131917404e-01
1.436624311358982498e+00 -3.330939720410127647e-01 -8.587564867616140907e-01
-1.347669204102570850e+00 -3.959417531245312261e-01 -6.062070928947902448e-01
1.449811923877724285e+00 -3.961809432212392013e-01 -2.249581745005972966e-01
2.237387372746762360e+00 -1.071170286938730315e-01 5.013785246634938630e-01
-2.354175146927621309e+00 3.205802443600805351e-01 -1.753409659462121239e-01
1.338678498253946580e+00 -5.488198436710877148e-01 -4.302050470169825891e-01
1.498374994869575039e+00 -1.119209450982093235e-01 -4.305494308188094477e-02
-2.280675139445242916e+00 -4.121015678603519028e-01 1.666490420522877269e-01
-1.031323542397926785e+00 1.719093662048003290e+00 1.437044536427047436e+00
2.189176182313878449e+00 1.376439162267170391e-01 -5.074635112601111331e-01
2.783391953005979191e-01 -1.287083713637978910e+00 -1.888662824781543570e+00
-1.934229132654628480e-01 -9.792181197326472741e-01 -1.665744132980007786e+00
6.220077204303752216e-01 -1.837431002042791750e+00 -1.230933199475898521e+00
-2.151287509352991734e+00 -8.957354714124792228e-01 -3.618225583234494502e-01
9.514518066255552853e-01 6.976628077758724178e-01 1.116734682619183960e+00
1.185933981121552794e+00 -1.680968675148825975e+00 -1.134451600352515133e+00
-4.489752169808129412e-01 -1.030796094137563124e+00 -1.737800275034409259e+00
4.322819090181649893e-01 -1.488100858446043118e+00 -8.883647138626592499e-01
1.499151348926449856e+00 -3.067912756483479608e-01 -8.693219629885848287e-02
6.731079794332761601e-01 -1.667842650280660033e+00 -9.614651565871635830e-01
4.613041657067962209e-01 -1.399425444283443953e+00 -8.692176119005047275e-01
-1.452203625198959180e+00 -2.445288646298081070e-01 -2.934235378371846115e-01
-1.251633899518942994e-01 1.823904242143073784e+00 1.695407779435688989e+00
-1.611883980285019335e+00 1.447452565720551698e+00 1.192599788625313906e+00
-1.741578975309442390e+00 4.066024953850853052e-01 -2.036975901046673698e-01
-4.562021932068419661e-01 1.280965872555607454e+00 1.871321341772062663e+00
-1.654839031966601759e+00 1.295744307297728826e+00 1.351423160334516371e+00
-1.843426263376634511e+00 1.139852446470601910e+00 1.238178361871290711e+00
1.287144257946304160e+00 -4.581339518614969686e-01 -7.464048032903372043e-01
6.846235106962561545e-02 -1.757213591051171919e+00 -1.050366919522527809e+00
-2.884590670183722616e-01 -1.224125507782825695e+00 -1.868557659615476929e+00
-1.496017189248777690e+00 1.075600986090333305e-01 3.527020414436587981e-01
9.155933621838476810e-01 9.388290394939442507e-01 7.678693812370717131e-01
7.520259805398720188e-01 -1.451753913123012163e+00 -1.814731929985085479e+00
2.362423759195367623e+00 -3.576320965472718494e-01 1.205015108981093847e-01
-2.796390080594239880e-01 -9.295020782405527537e-01 -1.571520756806611185e+00
-1.273237116952752546e+00 -1.623962386417036941e+00 -1.358372910368598863e+00
7.945157434273858454e-01 1.282861187915877998e+00 7.707165375227484905e-01
3.289910765278402510e-02 -1.282957172133239121e+00 -9.314385283577784058e-01
-1.662142349447816247e+00 8.854957244716469278e-01 1.419368412877499930e+00
-2.429215875657902313e+00 -2.167208008267708930e-01 1.447079073263384807e-01
1.915062228916197595e+00 -6.141962756584977423e-02 6.432779065221163606e-01
-1.080245874407968154e+00 8.442388357254823061e-01 6.618310542943786068e-01
2.361491150336973988e-01 1.594847349907778211e+00 1.869222584928497799e+00
1.384390260429318120e+00 -3.598876391863835011e-01 -4.855958926917917085e-01
-2.127168961312661644e+00 1.922561711937643969e-01 8.107897473904888130e-01
1.806745024749984552e+00 -6.843788336657616878e-01 -1.273736475747917263e+00
7.571336722478011483e-01 8.802721970883993219e-01 9.556491498867581980e-01
3.425073234035271308e-01 1.853732278815298340e+00 1.601496804999522405e+00
1.518445571814432959e+00 1.120801525004383015e+00 4.359712398169334757e-01
2.255134099122128255e+00 8.077966169809661645e-01 4.125293427202267327e-01
2.090131954451784235e+00 1.058109708898647749e+00 7.446087249590506163e-01
-3.105792203175687383e-01 -1.655553549791855428e+00 -9.686303110083757106e-01
-1.235863160645217507e+00 6.118172162252468738e-01 1.269044309444774532e+00
-2.227626866373304537e+00 -5.213866537712249505e-01 -8.696940246610027625e-01
1.248261915745678685e+00 -1.501483471583291651e+00 -1.559083990698897360e+00
-2.096163336021065415e+00 9.134806335103621278e-01 1.002810356730108987e+00
-2.155265498575456462e+00 5.229486290422362682e-01 -1.409373521409393037e-01
1.782387781590961007e+00 -9.883226808918730288e-01 -1.348261530457172563e+00
-1.477062780051753288e+00 -5.827695459553701163e-01 -2.031756307655949167e-01
1.221399788272997222e+00 1.210458825991620690e+00 5.877440984903367083e-01
1.024058021147936426e+00 6.731005306790009968e-01 1.227444423673673235e+00
1.979353723104812834e+00 8.283662662912358310e-02 -6.239084216459291898e-01
-1.565732825732457645e+00 2.223508762100586955e-01 -1.313659810729533861e-01
2.386015010204012576e-01 9.026386014174780925e-01 1.372293294151041954e+00
-9.704027153665183425e-01 -7.268548929045178797e-01 -1.345081311032804372e+00
1.477506301914088827e+00 -1.489412071094571521e+00 -8.547836144346264708e-01
-2.031360453203722827e+00 -7.202358981548658834e-01 -2.712130527209707584e-02
-1.727037028767356430e+00 -7.404862811498580388e-01 -7.979335363972001050e-02
-1.330500282301202430e+00 -1.403810063475921854e+00 -1.566896609351985381e+00
-1.199347200232453892e+00 1.665299148640646321e+00 1.082947393510446332e+00
-4.586766326469523536e-01 9.874933025783270146e-01 1.690858618199038377e+00
1.502771386838160028e+00 -1.142366554874811313e-01 -1.085798723406595015e-02
1.400985214387201916e+00 3.238571996159911315e-01 7.031230406895809804e-01
-4.671491853719886289e-01 1.061643582242270956e+00 1.764842245818440958e+00
-7.237606556640486799e-01 -1.132353849662240508e+00 -1.787622995180302654e+00
2.140936286708835290e+00 7.989514931399634978e-01 9.803689700362140380e-01
-1.162406095981661558e+00 -5.706349552064581276e-01 -8.809393458940444344e-01
-1.654968307761971236e+00 1.226474021892468347e+00 1.395913099733205653e+00
-1.990322885025469501e+00 7.876026652283941720e-01 1.165581363984009355e+00
-8.418198133157479557e-01 -7.490435021465476906e-01 -1.219657941914030541e+00
-1.159350535146695949e+00 6.080263669209986510e-01 7.660050255326015245e-01
5.041520192453360361e-01 1.838269400675901943e+00 1.190187666954423129e+00
1.025965671498613396e+00 -1.089097568557201967e+00 -6.559920252603655966e-01
-1.630461660188227968e-01 -1.121555845495408876e+00 -9.981173850813225279e-01
1.679204900759792451e+00 7.650751154404651366e-01 1.217515676330003516e-01
-1.067491830497895977e+00 1.664254673436148746e+00 9.955932353723907502e-01
-2.217277009993632308e+00 -7.855337530508312849e-01 -2.649842278929179784e-01
1.961344788385941174e+00 -3.560606185606193796e-01 -1.011907443207791024e+00
1.131802372063490880e+00 -1.663933133305242951e+00 -1.023350834685890609e+00
1.443374868142638157e+00 -5.865141529453677949e-01 -2.505787334826674595e-01
-2.044667260706226397e+00 -7.426724481520678989e-01 -5.671095317877274111e-02
-1.644251699812080192e+00 -2.771750708331556790e-01 2.204021294259952413e-01
-1.239092749891468115e+00 -5.045031082135699174e-01 -9.373539449149783653e-01
-9.667366358297491136e-01 -9.075381685056739256e-01 -7.405272145494075087e-01
2.408766248261186238e+00 -4.734448756849516937e-01 -1.687357333665572279e-01
-1.551285274912767687e+00 9.618020572923721145e-01 3.165790250962791652e-01
1.769156678893104573e+00 5.417864279429914776e-01 1.211554825984074046e+00
1.680992811394916631e+00 -1.361591508452898447e-01 4.220827094575858029e-01
-1.260366442251096508e+00 5.443472105230389158e-01 1.145527078992664149e+00
-5.462835064002380392e-01 8.566919533498170702e-01 1.428027887504856652e+00
-3.990251770610718784e-01 1.645140050794506426e+00 9.576043412069809024e-01
1.811523374132301356e+00 -5.574802938083007753e-01 1.118343256431357374e-01
1.068240401148438767e+00 8.897176367096331084e-01 6.557115232567850560e-01
1.542367183867069169e+00 -4.468478340419790307e-01 -1.141917729529878134e+00
6.483948247822685085e-01 -1.721506286740313252e+00 -1.692426749143914888e+00
3.595329199616835725e-01 9.066746855382705750e-01 1.237155724202711804e+00
1.257890178344680088e+00 5.223932964076946073e-01 6.566616568231256057e-01
2.472211716254366198e+00 -1.979366615573398269e-01 2.127800723319110340e-02
-3.608901943635578480e-01 1.456899145841578980e+00 8.917437432808881237e-01
-2.241203708908986236e+00 7.246081238265585922e-01 1.989215969557321384e-01
1.330407845238270381e+00 -4.505375382143362306e-01 -9.870625260341984175e-01
9.922514108468347693e-01 1.174930143722746179e+00 6.785904657100559900e-01
1.151022290633656464e+00 -7.146709367966423976e-01 -1.404257198393112693e+00
3.755178225332395092e-01 -9.032409534675029938e-01 -1.517688865226426431e+00
-6.475141129234009973e-01 1.275426987810945434e+00 8.204179324165663534e-01
-7.477630215301900307e-01 1.217235640680057074e+00 7.877022956642343310e-01
3.842191319490764201e-01 -1.017085118666003929e+00 -1.033665024150121292e+00
-1.686494316579641772e+00 1.542088390206774462e-01 8.139909164105267880e-01
1.902059816748183474e+00 3.937059385241433174e-01 -3.000263788339827542e-01
-1.068635883174970047e+00 1.570145144480570742e+00 1.623848840989519315e+00
1.399721637230756377e+00 -3.588174870535761896e-01 -4.086617699440958651e-01
-5.118147363210857614e-01 1.345909792273128014e+00 8.563722199316647909e-01
-1.389215496155684182e+00 4.430644308258018249e-01 3.676643420519460359e-01
-1.774055465078043570e+00 -5.424405545650136107e-01 1.060589883597312516e-01
-1.251396644775900180e+00 6.380906627705982270e-01 5.431120760113615775e-01
-2.745307704697042550e-01 -9.227641650341925628e-01 -1.551156270352140210e+00
-2.354932247006666923e+00 -3.633182289168988555e-01 1.260715527440846584e-01
-1.947847443961486347e+00 -9.315382597652507313e-01 -1.199544035713608681e+00
-1.790681204293953721e+00 -9.448342078743374728e-01 -2.385065929743573898e-01
-7.677212335699984402e-01 -1.662918781580856820e+00 -9.558416923894810235e-01
4.801408776195189576e-01 9.229746640565233973e-01 1.114662933966691805e+00
2.466266832610937598e+00 1.957864545456672600e-01 3.162008498345654783e-01
-2.114861621332520425e+00 4.362598053419893679e-02 -6.286725546457071490e-01
-1.756394981115120046e+00 4.935319302302125233e-01 -1.374696771757546454e-01
4.281982095476190020e-01 -8.799847167873027232e-01 -1.287775578487318606e+00
2.933695232820338616e-01 -1.300432853749490913e+00 -1.890610592586193350e+00
7.016018680347958503e-01 1.410807398646200195e+00 8.193411785147983739e-01
-3.097751303370447906e-01 1.883561342231307778e+00 1.528149825323333433e+00
-1.586452604940442823e+00 6.380120637108389614e-01 1.052489344337531607e-01
1.315993856284679131e+00 6.573114188520138290e-01 1.359386459080167642e+00
1.758575102659246436e+00 -1.129374680400558217e+00 -4.304493830917239805e-01
1.000001753612825173e+00 8.219632173344761927e-01 1.523355116595254355e+00
1.260092409238766864e+00 -1.652374792375026713e+00 -1.126666916353595838e+00
-1.653412393529431146e+00 -1.441805380241049983e+00 -1.049202971720015976e+00
1.392488160302210565e+00 -1.518043514607402278e+00 -8.601968312356186308e-01
-2.075395514951958523e-02 1.746514432029409480e+00 1.787697309892163133e+00
-1.459888962733959961e+00 3.067818034260345050e-01 8.364728565595749288e-01
1.186748933337266054e+00 -1.480264723963583551e+00 -1.616473587922322430e+00
1.591285219569136489e+00 2.505456706470706174e-01 -1.593751640231436673e-01
1.732724507653719215e+00 -2.808943538493320347e-01 3.168741866290393783e-01
-1.335077399381619623e+00 -4.025284211313530092e-01 -7.257542244308988755e-01
6.849713736033630207e-01 9.925275015794484679e-01 9.013352195976356285e-01
-1.204744567532136656e+00 1.009988584761717156e+00 1.639663954954506009e+00
7.016179928653675235e-01 8.865608366859897282e-01 1.570823904093530787e+00
5.291403403109729009e-01 -1.643542699976368260e+00 -9.485741656427815194e-01
7.679149257566082742e-03 1.580564091685532579e+00 9.426898269188379587e-01
1.515704536212434173e+00 4.570812877181456013e-01 1.147970811871615426e+00
1.542900345582648658e+00 -1.454070286662405342e+00 -8.282079308500311932e-01
-1.616337524948498805e+00 -8.217134646221929684e-01 -1.421614697190296983e+00
-1.581258624084041386e+00 1.415610994618254681e+00 7.768494549880861078e-01
1.786487225084850694e+00 4.399819657652530025e-01 -2.044707234681825969e-01
1.912834739214008595e+00 1.037127945709404253e+00 1.207002962259503320e+00
9.803701872710312015e-01 1.649609801202742698e+00 9.528065087863931693e-01
-1.700635629346289424e+00 9.879007553302458777e-02 7.487917180433317776e-01
-2.088186113286532475e+00 5.571554794179791603e-01 -1.327414179440397912e-01
2.490687794620572437e-01 -1.071802942049431717e+00 -1.021860075276238122e+00
1.423677323206486156e-01 -1.858307824194270985e+00 -1.187692017914314668e+00
-4.936224082980373851e-01 -1.873203285405902196e+00 -1.319206085349874824e+00
1.189360379381348309e+00 1.529413792448105047e+00 8.253340352055092977e-01
1.672450737365811291e+00 4.340627795700525704e-01 -1.177425266012378235e-01
1.423134004707478750e+00 3.945924381236011746e-01 2.969165849624042508e-01
1.326442156740717637e+00 1.254489972082474036e+00 5.780554220360935025e-01
5.894744356774139771e-01 -1.733550535126296754e+00 -1.028738005438638581e+00
2.328730474119853344e+00 -1.149908205963518365e-01 -5.755847908240491195e-01
1.604654432733333413e+00 8.402945231515193125e-01 2.130981007317918063e-01
-6.550245617122143482e-01 1.774141689060170224e+00 1.620332053865604971e+00
-2.198073246697152872e+00 1.723053047172577179e-01 -4.706022814160893408e-01
-1.776467357122081481e+00 -5.110324704529172202e-01 -1.187944691249680496e+00
-2.332098510783162215e+00 -5.460775058312397068e-01 -7.540869008385479855e-02
1.407962377881048388e+00 1.586334809945977975e+00 1.165594573157628266e+00
4.016577942999344786e-01 -9.248135360324332144e-01 -1.161255143877905960e+00
-1.065369815024272304e+00 -8.190882025486071472e-01 -1.524950458615110804e+00
-2.643370416866299699e-01 1.652880865765811169e+00 1.838025241886650063e+00
-4.042895208131635498e-01 8.933048745927923973e-01 1.493113217331630826e+00
-2.043015118464007074e+00 -3.967041362479838962e-01 3.076612674251771318e-01
-1.563258568548900218e+00 2.752500938167058431e-01 -8.349551169530103345e-02
8.567368791664685679e-01 1.787121397143987878e+00 1.432863537437698342e+00
1.934785296410202582e+00 -1.138532099223158456e+00 -1.098716248501698800e+00
-2.406879771150154834e+00 5.203576243644634225e-01 3.890988599798214653e-01
2.413144313417336484e+00 4.946507674670665433e-01 4.091010576633983264e-01
-2.026469978753063561e+00 8.874720748638240675e-01 2.243705648879580072e-01
1.857067691647341645e+00 -4.475211854147626567e-01 -1.116721246884480934e+00
1.719347144523165172e+00 -3.777511463616813892e-01 -1.084799812530248264e+00
-2.176980394841584676e+00 9.858860122936123627e-02 -5.493669833174091854e-01
-4.822505749990648738e-01 -1.014152928659785902e+00 -1.721198078843761081e+00
1.451721384534495840e+00 -1.492988311771762611e+00 -8.449955138227502882e-01
-8.924210642024322793e-01 7.417206655052280828e-01 1.051396028820532180e+00
2.395511447122029125e+00 -2.758178484731078073e-01 1.539315328010778527e-01
-2.001008428558441299e+00 -1.063273193397637595e+00 -4.751490402356770004e-01
-1.006339732340242987e+00 7.045163500850299965e-01 9.091128500144231017e-01
1.696772466222501663e+00 1.239848680998809211e-01 -4.548617543322209245e-01
-1.973189553856844469e-01 9.062370666026974275e-01 1.424495623951419265e+00
5.676275943593062090e-02 1.078426946099104944e+00 1.784629210486082140e+00
2.425686749231427797e+00 3.460644836040723260e-01 6.148190759487732679e-03
-8.459149629037130413e-01 1.799448866766637956e+00 1.257782620813673091e+00
8.590227749474200758e-01 -1.541958421026745851e+00 -1.746196248313617305e+00
-9.243341114397695124e-01 1.243645038066632402e+00 7.170573775874445888e-01
-1.659443348418863762e+00 1.254947113329131669e+00 5.617086012301747422e-01
-1.812572215667772157e+00 -7.018316693264275985e-01 -1.277715719015089402e+00
-1.823311820208753709e+00 -9.776997618892624420e-02 5.788531103127418920e-01
2.096755959094753763e+00 6.974531494997601166e-01 1.049561053361443230e+00
2.075829744773578955e+00 1.026337756845372873e+00 9.327126184389957775e-01
2.279898731140782786e+00 -4.207752191461690550e-01 1.577756340966210979e-01
-1.010651766566932119e+00 -8.506534116736860218e-01 -7.307189933446133212e-01
-2.421503688987255209e+00 3.586506713119406720e-01 4.783546546367682395e-01
5.166580657045301006e-01 -1.043979737222536341e+00 -9.536977547230184316e-01
6.697049307583987643e-01 -8.735636035530158772e-01 -1.049374614061907351e+00
1.376886953258501300e+00 4.053774321403634251e-01 9.419500197813474029e-01
-2.404353326354803144e+00 -2.061312940327517107e-01 -4.981169232957476933e-01
-1.054608273829984011e+00 8.280615139051118456e-01 6.974987145970836799e-01
1.071742188176883603e+00 1.407626196937254104e+00 1.710792550201662987e+00
-8.508574889095165128e-01 -1.469957815323051253e+00 -8.090106057386455829e-01
5.662654212303499524e-01 -1.814736795138167436e+00 -1.150827867687029826e+00
-1.842734243469250410e+00 -7.054265807353987672e-01 -9.651041731106632660e-03
2.082512608976160084e+00 2.138184192522409044e-01 8.523655968735073252e-01
-1.205905544129530549e+00 -1.446726436757551415e+00 -7.416831190772771309e-01
-1.498944654289735334e+00 4.289006798507780799e-02 1.335872613982896084e-01
-8.197802634090445295e-01 -1.786186080150193423e+00 -1.479922192328594566e+00
-1.423237101585496545e+00 -2.766028457211124891e-01 -5.065433535813685939e-01
-1.094172080863954344e+00 -1.255278909912985519e+00 -6.534679142109427463e-01
-2.228116392249960942e+00 7.540045750477089026e-01 8.382827705492983394e-01
-2.090821769632150051e+00 2.438033960243753406e-01 -4.501730820446512293e-01
-2.053366662626033179e+00 5.329359160956637087e-01 1.052215714455130069e+00
1.512355652246905269e+00 4.321376700743909810e-02 -1.187903882276416384e-01
2.138811858961421120e+00 -8.587634882048092999e-01 -9.581947715138550148e-01
-1.342274237832302708e+00 -4.658296632472084253e-01 -4.814461597147163818e-01
1.977769893380097344e+00 -1.044890537398240671e+00 -4.186247035871112909e-01
-3.422509822960636550e-01 9.178582747245099815e-01 1.553177803175583183e+00
-8.392170348326223606e-02 -1.361923740234160851e+00 -1.910508028930916868e+00
-1.334828340246549727e+00 -4.061225799923058322e-01 -6.646692277163223084e-01
1.597305499323545375e+00 1.728274527586821097e-01 7.683356642109888668e-01
-1.447300518868982824e-02 1.908562955966437880e+00 1.488936986553229369e+00
6.304154947996871705e-01 1.836060627841597626e+00 1.230509127098318389e+00
2.469927489398920262e+00 1.841147510806683263e-01 -5.023740429572248756e-02
-1.346185491861285444e+00 4.174194065310700696e-01 5.438533226797386266e-01
-2.485694817345625474e+00 -5.766772408206653766e-02 -1.862074213211123153e-01
1.091523606078428216e-01 -1.122994956124830468e+00 -1.002986777240391758e+00
2.432722817227928047e+00 -2.784437822866057677e-01 6.402912500530233419e-02
1.173685020950852698e+00 5.562401950771654890e-01 9.667082845879935160e-01
-4.396924781814613437e-01 8.909675967137348218e-01 1.501834050986226243e+00
7.947509660539312515e-01 1.079758140292222057e+00 7.914129080448071285e-01
2.040711434506738975e+00 -9.287934496724901956e-02 6.066919297611432782e-01
1.638990358206588116e+00 1.266859266982257815e+00 1.388815040577303206e+00
1.576011071724202184e+00 3.952898919808666145e-01 -2.453860664937207101e-02
-1.138930312750498830e+00 -1.686919485989219147e+00 -1.093971317183972447e+00
-2.218312935806166841e+00 -7.977506550802883067e-01 -2.897744258997873579e-01
-2.271499635435724418e+00 7.905584546435205917e-01 6.539199997418387866e-01
1.806773373983165953e+00 -1.564602991348953698e-01 -8.591605121638168363e-01
3.119678940965745495e-01 1.162322985865120062e+00 1.839012430974038992e+00
-1.201149976825442112e+00 7.429417083449995074e-01 5.652216826509779413e-01
1.471413968314539522e+00 6.396106319446576149e-01 1.345138963899536355e+00
9.992231520001428891e-01 -8.987273508479088902e-01 -1.604337485751195835e+00
-4.352107701358326475e-01 -1.090818770998781551e+00 -1.788376063516830206e+00
5.224586697215765074e-01 -1.434926115615867248e+00 -8.624943759972901747e-01
-2.261664797145294670e-01 1.589112308132649254e+00 9.396128849738516475e-01
1.574646247312442515e+00 2.078663380868801536e-01 -1.644993029657361716e-01
-2.253139380530607916e+00 9.512671396434513316e-02 6.461903567495191902e-01
8.590648490915260282e-01 -7.812195426481555183e-01 -1.410490271695559406e+00
-1.832261168915650495e+00 1.236972286391411657e+00 6.323813104295595844e-01
-2.098396017404934533e+00 4.942655462953984835e-01 -1.958409260797245310e-01
-2.417770989070393561e+00 4.256931993076261134e-01 1.094315994180114493e-01
-4.609009450013536457e-01 1.220476359367345554e+00 1.853899173108067622e+00
6.171463014825273596e-01 1.663696024011178443e+00 9.594794952612507588e-01
1.729669939074760965e+00 2.273361899582379553e-01 9.232699095778815757e-01
-6.840985016438655419e-02 -1.474598674751559146e+00 -1.909777961734292262e+00
9.957643398693105663e-01 -1.758452465978821655e+00 -1.293429643859203892e+00
-1.627606570193393720e+00 -1.959854865159341430e-01 2.774730467927999933e-01
-2.275594585418349691e+00 7.318891848567354863e-01 2.823017040076550854e-01
-2.001709554911743627e+00 8.749158989214870230e-01 1.961763766249380037e-01
-2.426581788474910351e+00 1.136128870812213171e-01 4.083595500495191266e-01
2.167225652576831418e+00 -9.285427733856917998e-01 -8.156519394541926760e-01
7.020734752031415615e-01 1.815596125814664674e+00 1.198201770894138152e+00
1.474464521977231435e+00 -2.002443813889274171e-01 -1.899203604915946364e-01
2.724072397585394767e-01 1.092307313732223228e+00 1.794419880822008428e+00
-5.441093375475277716e-01 -1.825935658501646630e+00 -1.579353762283955076e+00
8.235763163629867822e-01 7.572200043360231003e-01 1.193268066151525586e+00
1.093848569190145392e+00 8.068527600692053658e-01 1.512812273067677182e+00
-1.370248189665082439e+00 -9.692924362484792722e-01 -4.193167319216763445e-01
-1.819291683916047564e+00 1.318099569365571044e+00 9.774470668252255301e-01
-1.625861575505128442e+00 -1.049303768964070412e-02 5.135688653017091987e-01
2.076417663437652106e+00 -7.315758462771355664e-01 -1.073907833539628598e+00
-1.055162657218129185e+00 1.567614828426159512e+00 8.608461477877724644e-01
-5.820167714051305285e-01 -1.306493151922806017e+00 -8.389706213189406236e-01
1.171640830353673612e+00 -5.624033550101834589e-01 -8.789616814409276779e-01
1.653849320921472854e+00 1.439432582448257447e+00 1.077414214174331919e+00
1.479573661041527322e+00 -1.150438795811643322e+00 -4.675329995698905283e-01
2.498566903024804109e+00 -6.302209089253506258e-02 -5.547810931746779278e-02
-9.121959934514277668e-01 -1.749384789878928981e+00 -1.488941912723154237e+00
-1.892785700013612349e+00 1.252602189358577922e+00 8.069932172819391791e-01
-2.253687646007124457e+00 -4.412101298414620176e-01 1.606976485246348896e-01
-2.092991793632858588e+00 -8.766022446595429507e-01 -1.027173144618656053e+00
-1.505727804705062178e+00 9.713728476191904604e-02 3.883154692024730625e-01
-1.179889245195510972e+00 7.171598403284729084e-01 6.067070531762867036e-01
2.313992159809166616e+00 4.752924401871988502e-01 -5.181269754982035375e-02
7.942441751722406629e-02 1.310517123802202644e+00 9.233766291572795826e-01
1.637933569029227154e+00 9.468255306208263056e-01 1.445355809485081355e+00
-1.544888303913014793e+00 -8.669528068395937481e-01 -1.469359686249766428e+00
-1.514324677754374626e+00 1.526651551180676636e+00 1.142417749188136877e+00
1.089050971812685953e+00 6.519255681345174080e-01 8.460559980212651876e-01
-3.778264043840062203e-01 -1.579734364591092399e+00 -1.857624119290996578e+00
1.614006276025430564e+00 -3.497152994010849225e-01 1.140876897555923308e-01
1.307724582410555225e+00 4.435576142685048739e-01 6.688034663358917165e-01
1.427469803088116773e+00 -1.576588593835320573e+00 -1.124211574538335201e+00
-2.106248304894214662e+00 -1.480100605179057380e-02 -6.831350446769826057e-01
-1.526241812742856085e+00 2.861163879842908986e-01 7.879796574532341516e-03
2.049084139947336070e+00 -4.319820115904398627e-01 -1.009431057384027053e+00
1.578101878594431406e+00 -4.103103058077629539e-01 1.820607301430367947e-02
2.046614143463947766e+00 6.732024543759962398e-02 -6.295265304199548773e-01
-4.449270745892230372e-01 -1.881559539913160384e+00 -1.440463703848831045e+00
1.322269988190311052e+00 -4.614595052917394025e-01 -5.525636684039821889e-01
2.055467902454338969e+00 4.224557444862084843e-01 1.000084437582545283e+00
-1.492162610588212202e+00 -1.414353782456648778e+00 -7.307049171814091748e-01
3.397891125598978546e-01 1.881721417040731037e+00 1.521302448503432103e+00
-1.802165727321123345e+00 -1.186626650744025291e+00 -1.258476924623016524e+00
1.847268474990362952e+00 -1.280742732336310752e+00 -1.036371767831810731e+00
1.280475930396129502e+00 4.822864390001689872e-01 9.838009389679325256e-01
-1.340038778661743590e+00 7.954350698589950364e-01 1.488649588617585229e+00
-2.420810193848646374e+00 -1.841556355809813306e-01 1.976895177438141027e-01
-5.549652472625319355e-01 -1.497724540360495737e+00 -1.851962713656798654e+00
3.852410588747126607e-01 -1.593443929889359456e+00 -1.850778585498688900e+00
4.944813780733848391e-02 1.079253507078957064e+00 1.041901637688014803e+00
8.137196215779946007e-01 9.553604622602807073e-01 1.661806302854935247e+00
-1.229192304468914143e+00 -6.330769290794973081e-01 -5.855160783110239242e-01
1.840204594119258852e+00 5.762845943978903707e-01 1.204340640484731662e+00
-1.822415048701259366e+00 -1.158029632008358289e+00 -4.895371207313682915e-01
-2.496011633275764918e+00 2.958343263159569220e-02 -5.860678083381944126e-02
-1.837859472843932362e+00 -3.431684833914417920e-01 3.257468117042935929e-01
5.935788835825508425e-01 8.528019286081696126e-01 1.451900609549394039e+00
-8.535539241669728439e-01 -8.253394641277753685e-01 -1.501409954169439676e+00
1.497931846945839141e+00 3.179218558715800613e-01 9.331217655671010525e-02
-2.011787185532828204e+00 -8.922758192388150489e-01 -2.227151392134558705e-01
2.329961071095831143e-02 1.608473223345591396e+00 9.534320135315728084e-01
-5.827079461916675474e-01 1.011529598501175853e+00 1.718260981485887351e+00
-1.230209469180908677e+00 1.090420029272912705e+00 1.656794196576304667e+00
1.238626316355016188e+00 -1.623610501886622037e+00 -9.934374988161045472e-01
-1.132633903489984051e-01 1.381287165282724549e+00 1.911305965380046601e+00
1.234743509307265397e+00 8.228902961844895003e-01 1.523403091473563231e+00
9.840010373039187463e-02 -9.553983635054067447e-01 -1.208177309972125801e+00
-1.220404707976303182e+00 -7.933759357799274881e-01 -5.273528075500234502e-01
-1.374763810093278860e+00 3.781361583196241605e-01 4.940637834074382284e-01
-1.590027853909149913e+00 1.218644341462952890e-01 6.725222762586766656e-01
2.322902577968713800e+00 -3.852725641934801604e-01 -7.023655433809722348e-01
-9.680576432321001956e-01 -8.744704592290498679e-01 -1.581378560888885509e+00
2.111013295008370427e+00 -1.204290298211435281e-02 -6.786558865898358883e-01
2.208329444110528339e+00 -3.833935586032377052e-01 -8.515574762355635485e-01
8.018764034933262286e-01 -1.806362021369702253e+00 -1.422683712823905156e+00
-3.312202956964793027e-02 1.292617958378677212e+00 9.289156553820842044e-01
-1.926285946085432466e+00 -1.542275198919160761e-01 5.488025563970414522e-01
1.502297531433398392e+00 2.020607016756643948e-02 1.297267634382937018e-01
-2.302172650725448744e+00 -6.694511524434191285e-01 -7.064659705105542642e-01
1.453733226355348851e+00 1.058110886971038944e+00 1.558710197442967793e+00
1.841143533402322063e+00 5.787873780847556660e-01 -1.045436346917302806e-01
-1.990194109896401831e-01 1.769533328957784146e+00 1.062648245322510343e+00
1.075957451667185705e+00 1.565190409110887027e+00 1.623480085788163496e+00
1.911120759361233601e+00 -3.539832288136826044e-01 -1.029816925623219026e+00
3.653066148537400526e-01 -1.083832109863068105e+00 -1.785554440378417818e+00
-7.833456439753977429e-01 1.120519987515207205e+00 7.863147110501870207e-01
-1.717972664552275930e+00 -6.091490750038890400e-01 -1.272585443840809294e+00
-3.490339356545354432e-01 -1.392405627883453789e+00 -1.895780693434008901e+00
2.012269127913461908e+00 -4.579515337476660619e-01 -1.047199644803830765e+00
1.587560482892798497e+00 3.715052000648339393e-03 -4.546263637327639384e-01
4.439779558903450551e-01 1.038384217502775098e+00 9.896455723262669313e-01
7.689580738559265161e-01 1.651512247143454237e+00 1.710070425107136360e+00
1.915214020440687559e+00 -1.186222760073452287e+00 -6.246506518849096468e-01
-1.384407722830883536e+00 -3.539266976353579452e-01 -7.735302864357501695e-01
1.334439261805863142e+00 -1.122276386445486551e+00 -1.620990274880343751e+00
-5.947909077014827961e-01 -1.486608901398256188e+00 -8.628057540753140131e-01
2.106311260088121973e+00 2.966745927402620886e-01 8.934454475896723702e-01
6.984604450878409976e-01 -9.137357798042113899e-01 -1.611045539378112013e+00
-2.267024185668390590e+00 -7.677302635124036989e-01 -3.412365958310530911e-01
-6.499486351722949529e-01 -1.049339575031037919e+00 -8.841797607022602312e-01
-1.431346244395961476e+00 9.901163414988630729e-01 1.555859647803489398e+00
7.715968910426376226e-01 1.740431544773352268e+00 1.054571135629176926e+00
-1.572178756606894767e+00 3.451237608887745001e-01 -5.109241238653876305e-02
1.297809060457634445e+00 -9.758953675367729730e-01 -4.687195836798148663e-01
1.490764908277393275e+00 1.476411765036951707e+00 8.367216410902974522e-01
-2.218335534247623642e+00 -8.699225663692422561e-01 -4.692874708851698662e-01
1.777101551761001597e+00 -5.301051631877922582e-02 -7.326132258749845638e-01
2.397807193113546731e+00 -5.473853192134398027e-01 -3.653666086978368810e-01
1.579303036701950325e-01 1.047724435937996468e+00 1.061949273013007566e+00
-2.859143982319778399e-01 -1.691045855293902944e+00 -1.810977560733433078e+00
1.695367226868041088e+00 -2.360235332337917019e-02 5.808635921138067815e-01
-5.701097531871359703e-01 1.861008815149860052e+00 1.433186001045427149e+00
-9.395326245090052097e-01 -9.224759666778028500e-01 -7.564548640786573630e-01
-1.496694279119260340e+00 -5.942731090639592761e-02 -1.440901539856778157e-01
3.656449143201009888e-01 1.790920698360120245e+00 1.090827865581466272e+00
-1.379244608913766434e+00 -9.087109092967042834e-01 -1.545816982673954287e+00
7.219578848756219580e-01 -1.698532405949373159e+00 -1.686257124710859534e+00
-1.252588147306587851e+00 8.246112927769950751e-01 4.896167300786175014e-01
1.174479533328199654e+00 1.622526350839465392e+00 9.573570176507758545e-01
-3.953105155000686821e-01 -1.389538249170040540e+00 -8.803837014638928871e-01
5.741909874815460668e-01 1.220547318870308207e+00 8.513595460577498830e-01
1.733047524792320271e+00 -3.545633848119604803e-01 2.448690968993653128e-01
2.293812614618174983e+00 7.655673876412333323e-01 4.748642657689401414e-01
5.490025102184313555e-02 -1.031257507739853807e+00 -1.091187453195102686e+00
4.222654375404025773e-01 -1.883813864302345431e+00 -1.449740760498247960e+00
-1.955655759956494322e+00 1.607771451462604029e-01 8.578164640548106012e-01
-1.490704433332811218e+00 -2.111503878259364531e-01 -6.577792376056684764e-01
-1.255511111122172618e+00 1.088680712439128895e+00 1.647453383483770128e+00
1.695984982118818429e+00 -2.034863708074002159e-02 -6.399586853057898095e-01
2.323492909585776811e+00 -3.439714166024629427e-02 4.779925948765382238e-01
-5.103883961714835715e-01 -1.522419528172281433e+00 -1.854173080044111632e+00
2.897859809363396155e-01 9.166964944397484327e-01 1.535440992422363982e+00
5.092971296351669341e-01 1.630893731827476767e+00 1.807583292595317026e+00
1.652432177441464756e+00 -3.318792982458018126e-01 -1.027901237782726573e+00
2.009817329249528495e+00 9.086557808040767181e-01 2.429151016421432219e-01
1.943482573315253870e+00 -1.195731513787113703e-01 5.863688245122773424e-01
6.407240924554671313e-01 8.458094313480005733e-01 1.145936485140678363e+00
2.059725032356439556e+00 -1.058109097070366378e+00 -5.636802401182346989e-01
1.190095879557030889e+00 -1.657958288258733592e+00 -1.048634304813092832e+00
1.635074503073613128e+00 -2.777951843421444175e-02 5.024020367046039270e-01
1.728579906348670869e+00 -1.378591892096121763e+00 -8.751327123218598514e-01
1.967703711790315113e+00 2.570997931112279367e-01 -4.489267915297679434e-01
1.673656011836716306e+00 -1.344229004767800273e+00 -7.050137654785071373e-01
1.621981678538405358e+00 -4.711257916366495269e-01 3.524074501184826236e-02
-2.390768520537234765e-01 1.671871768395216451e+00 9.816224198049509075e-01
-1.626813289021626252e+00 1.443618995687196094e+00 1.165371530559769608e+00
1.567858938731611973e+00 1.437173628545357795e+00 1.299193496486544142e+00
1.038568625041769167e+00 -7.950353333043684856e-01 -7.386846101150524868e-01
1.019599500266783254e+00 1.750620086192428815e+00 1.280920762000484769e+00
1.677492137795466576e+00 6.914090260290138845e-01 6.975936175443575582e-02
-2.021936558418706120e+00 -1.073845501432470595e+00 -9.986415561270516328e-01
-1.605857578451267642e+00 1.037517693856764511e+00 3.503852609962668230e-01
-2.174504009736346610e+00 5.322658915288829284e-01 9.370604572811187527e-01
-1.057238946353399545e+00 1.434760862341169840e+00 1.708236904150416402e+00
1.577598212965229063e+00 -1.356433597564892457e+00 -6.750367189594830286e-01
2.262667378225144521e+00 -3.012432825503206790e-01 -7.558915336293655640e-01
-1.546151462853280867e+00 -9.033624509741162711e-01 -1.481507829511895524e+00
1.037166173583750517e+00 -1.744656077450063680e+00 -1.270182410770181347e+00
1.592308162934495064e+00 1.315405363693458840e+00 1.403142259856594354e+00
1.865102312318683175e+00 -3.531424032700450355e-01 3.277773761416489795e-01
1.599139314700263492e+00 1.000043551002007369e+00 3.241432983083085695e-01
-1.401582129324731696e+00 4.309632049559039002e-01 1.039233629503931056e+00
1.688923441385496105e+00 -8.504211570717192803e-01 -1.395647306632196383e+00
-2.970416028378851103e-01 -1.330772670350526488e+00 -1.895698084910862447e+00
-2.499301644948808132e+00 -1.774424863549332876e-02 1.960601564963242519e-02
1.452122366299752887e+00 1.286167631019851765e+00 5.810392987901542572e-01
-4.715065219606637270e-01 -1.596857236797651014e+00 -1.833645930065497698e+00
1.530840554113858332e+00 9.578843332627973162e-01 1.503600514327232185e+00
-2.100363701811233774e+00 -4.642749799309502379e-01 2.264238603207996414e-01
-7.593778442015366448e-01 7.853094342391918614e-01 1.310411475559887684e+00
-2.425492267158274373e+00 4.520819806628415538e-01 3.951011850522767044e-01
-5.834888050495466993e-01 8.563542600633535784e-01 1.458218998577486492e+00
1.333624981012989874e+00 -9.298250412184485558e-01 -4.319746930658517337e-01
2.329877655070216491e+00 2.282405361165156747e-03 -4.946033185475549598e-01
1.949919276372735544e+00 -4.113949361261383109e-01 -1.054265927350437559e+00
-1.303371191438464027e+00 -1.628950989660316484e+00 -1.086321900501680426e+00
-2.343090666887881923e+00 6.602085559317086849e-01 3.517548824076069391e-01
1.514352846649267725e+00 -2.022312406967405329e-01 7.364007877805855669e-04
-1.495131801124185644e+00 -7.328129719947523713e-02 -1.074706471894802673e-01
1.543187783435397531e+00 -1.359524599384937638e+00 -1.418875218237455327e+00
-2.307623536178277757e+00 6.312313343526900766e-01 1.636716463600765559e-01
1.866209375636268986e+00 -2.870631343947058767e-01 3.948665620306541224e-01
4.422449617625301421e-01 9.405867990073645268e-01 1.621333149556079212e+00
2.466257864841810310e+00 3.159511897648200063e-01 2.301472017791527103e-01
9.690869727415433177e-01 7.318163793253662508e-01 9.209849262733967867e-01
2.432560599863951012e+00 -4.464272422321884370e-01 -2.996458408965382847e-01
-4.001307767704199714e-01 -1.884067472100501961e+00 -1.316600451750644218e+00
-1.564264169231066148e+00 1.728288211415742182e-01 -1.739692957528553019e-01
1.620735686393125485e+00 2.665659255350195100e-01 9.308079921249168276e-01
-1.278976115545450210e+00 1.129076022859458073e+00 5.292880513856841329e-01
6.608831199308881077e-01 8.169502239769091956e-01 1.328038961829593578e+00
1.682676284460468408e-01 9.097177268209166723e-01 1.446874862121040328e+00
1.280771419967238200e-01 -9.341582269693813334e-01 -1.561554378544129040e+00
-3.035200385073220097e-01 -1.520032486542386652e+00 -9.111918846645575831e-01
1.564745295983412277e+00 -9.320159245664136893e-01 -2.915977186891507422e-01
-1.396259061268553925e+00 1.110421963138029433e+00 1.591557079435549360e+00
-8.333678535693771483e-01 8.223269536915632782e-01 1.489879757388059112e+00
-1.387234120816393634e+00 1.250582992418653561e+00 5.613257275251508638e-01
-1.536630437477442213e+00 5.278176369186772243e-01 1.234258448969917543e+00
-1.026089836590190263e+00 -1.680456497842594432e+00 -1.011800756998210815e+00
-1.629656931547597054e+00 -1.059609644503727716e-01 -6.972461865766678146e-01
1.252404891702235901e+00 1.491195355753241136e+00 1.564319463003202237e+00
1.913754034692699779e+00 -1.017224521614300270e-01 6.012605213656537773e-01
9.137905508389844167e-01 -1.339375054229749118e+00 -7.420643986243125045e-01
-1.879184798917038268e+00 8.932917913499688334e-01 1.873427898935484115e-01
-2.085003261830947474e-01 -1.302953303457131229e+00 -1.896395934918837511e+00
1.430997598411976268e+00 -1.195813546052097331e+00 -5.120869595892703074e-01
-1.537674196554937422e+00 -2.614026683883806032e-02 -3.695426996639099571e-01
1.103718222404625804e+00 1.641810254381186551e+00 9.671817579618918748e-01
-1.000464637587489269e+00 -1.203130827340486819e+00 -6.785561612623199901e-01
-2.318181753230161568e-01 1.020359086730744380e+00 1.077843982307692849e+00
-4.321089604182312138e-01 9.177246521877030494e-01 1.157308407562326336e+00
-1.180129449730230151e+00 1.690522177716589747e+00 1.200150513462264090e+00
-8.517731560996906204e-01 -1.020121191861546706e+00 -1.709907798011710556e+00
-1.401270237572979360e-01 1.001312784171155545e+00 1.120974027069971957e+00
-1.038220713002633744e+00 7.078555327988557133e-01 8.405896730348909607e-01
-2.366215767743979459e+00 -5.542753128614429370e-01 -5.847585008143625362e-01
-1.124010053101363482e+00 -6.962911086730607657e-01 -7.085774653643167609e-01
1.868588818466323298e+00 1.159056293006049287e+00 5.198714023984475352e-01
1.579910805108256211e+00 -3.200036613091062909e-01 -9.847650362193762774e-01
-7.328104308566478764e-01 -8.821143038059368058e-01 -9.759966077767369130e-01
-6.530872946015225944e-01 1.116769275274543505e+00 8.505596278067253380e-01
1.490385080723825251e+00 4.504880301276414367e-01 1.456478193002359867e-01
1.182798295427788027e+00 7.350470846795068569e-01 1.436767306038852388e+00
-1.584397621348983876e+00 1.363756183107575293e+00 6.885890159160591439e-01
-1.455584894542605534e+00 2.277595952613830910e-01 2.995577424368726094e-01
1.768040972115828335e+00 1.015423747817796762e+00 3.083173615870247741e-01
5.278910696960896765e-01 -1.865517805222479009e+00 -1.457850662600563618e+00
7.714805806336021421e-01 -7.863348357568169522e-01 -1.147985454448618103e+00
1.530288038751785429e+00 -6.863997684156138979e-01 -1.827072807473694993e-01
-4.896222834889228381e-01 -1.309642288051336978e+00 -8.629570250285043542e-01
-1.644977908593930449e+00 1.223690329149143885e+00 5.210677311994216243e-01
5.840978990617192723e-01 -1.583536280731300483e+00 -1.814312284676796283e+00
2.071907783535611447e+00 -4.201044796819919380e-01 -9.873403383871820482e-01
1.207112611198516650e+00 5.453365842059393342e-01 7.807675225234738114e-01
-1.636409995263711892e+00 -1.720654446781679503e-01 -8.043046585556735684e-01
-2.411852232724401190e+00 -3.254823866698487445e-01 6.005170700656904670e-02
-1.039069125309914243e+00 1.085529177556433078e+00 6.482546460682602207e-01
2.267209075951735819e+00 -3.393570577289405366e-01 2.576443905349117269e-01
1.853830879659256414e+00 1.269688210829126307e+00 7.532795264208904662e-01
7.703052829364382958e-01 1.653414447135329146e+00 1.707895002402884499e+00
2.115297010470229111e+00 9.297284356942061567e-01 3.712479589028772620e-01
-8.552982776590397629e-01 7.889715278147824140e-01 9.886145460099790006e-01
-3.650671456197968623e-01 -1.686798771780682937e+00 -9.874944816961174210e-01
1.554380251223308029e+00 1.185491187696289389e-01 6.034305736060938674e-01
1.483678825888045116e+00 -5.267001641047285299e-01 -1.227607080571465836e+00
-2.148100677452328355e+00 2.328229391471661469e-01 -4.403170124601433200e-01
-1.484434787209053974e+00 -1.665517650444383047e-01 -4.897526938641232341e-01
-1.741204241783924189e+00 3.566026310389258658e-01 1.063567038119834107e+00
1.096628877881483888e+00 -1.716918294539909073e+00 -1.335647577835219924e+00
1.377791152696822286e+00 7.657363345342173000e-01 3.591661626031760202e-01
-1.577985016991496181e+00 7.466804025815012569e-01 1.737646954708971792e-01
-2.407772542320604003e+00 -1.016384906529728266e-01 2.993544722633478816e-01
7.307379086757537223e-01 -1.598659697618259878e+00 -9.022325472183636563e-01
-2.482984499720723104e+00 1.912474157650926876e-01 3.939910464281770608e-02
1.502822091022024908e+00 1.398516217403341921e-01 2.096205976430198445e-02
1.612545047267415876e+00 -4.908572756290778827e-01 1.110756541500172723e-02
-2.419051378979428790e+00 4.820902114595312926e-01 3.812103395498003811e-01
1.388112653400863206e+00 5.468947421717075263e-01 3.374015302919624593e-01
-1.807700470538592397e+00 -1.775398904139549039e-01 4.824356184882381826e-01
1.848952267438187302e+00 1.383645639414685102e-01 -5.448640111003894004e-01
-8.768342050456856551e-01 -9.442483705294261176e-01 -7.961773579814936941e-01
-8.038071945613359803e-01 -1.518836827197628248e+00 -1.777265424763840196e+00
-3.646513631089484675e-01 1.029698294061366592e+00 1.027986705007733370e+00
-9.124394147436725167e-01 1.777104714342869096e+00 1.390997334091917503e+00
5.307226419949904184e-01 8.592256011435506213e-01 1.251162497822500219e+00
5.822178801349636723e-01 -1.117120964252536153e+00 -8.816163741104695584e-01
2.426747987890840896e+00 3.802942616093771822e-01 4.533844289699752728e-01
1.760433673432347135e+00 -9.219445122207122756e-01 -1.364277770341461693e+00
-9.994339425791349818e-01 1.032142559318564912e+00 1.695831056557514316e+00
5.154117132797674250e-01 -1.399856249908616457e+00 -1.873464088798573401e+00
-1.206705410126262645e+00 1.273067751605034381e+00 6.227555849287729206e-01
4.327537999240870653e-02 1.047512497171402712e+00 1.073399033263102931e+00
1.236142952029304354e+00 -1.664536164784498284e+00 -1.149098442846219204e+00
-1.532332203002586546e+00 3.577960511077822314e-01 3.059999517136514566e-02
-3.028444431992443828e-02 -1.435566961769428440e+00 -9.144829993295425785e-01
6.910387763663859984e-01 1.024994285091200608e+00 8.757369906906679047e-01
-1.314233318459588018e+00 4.683428828132094601e-01 1.011682273828761636e+00
2.258917977752573858e+00 -2.941829975404500197e-01 -7.569451595028305890e-01
1.313620529211003918e+00 -4.648812725517305622e-01 -9.992684873192758666e-01
5.199902509508008697e-01 -8.623579086273933658e-01 -1.431598047415792996e+00
-1.395730368405191379e+00 1.239115331746192039e+00 1.584726385615340849e+00
-1.640535630044889226e+00 -9.369417039850445050e-01 -1.442204334375059682e+00
1.470280070885221502e+00 1.291352616464507053e+00 5.847935179180632215e-01
-3.315211299725243088e-01 8.975931917708157570e-01 1.470729029087532558e+00
1.046298636476499899e+00 -6.522933830960082613e-01 -1.171996421804047728e+00
2.226853731273426007e+00 8.571448730258827142e-01 7.200534767752008181e-01
8.222607643672078526e-01 1.059510315515636014e+00 1.737533229415126002e+00
9.777340874363793510e-01 -9.918356438894201377e-01 -1.676466699359698387e+00
2.318993480065325130e+00 5.441104249458722508e-02 5.482909957121215871e-01
-2.476397678504190569e+00 -8.321478828560968655e-02 1.304692109559358881e-01
-1.711523820123941553e+00 4.620424845185361340e-01 -1.307996288774472271e-01
1.805245392078428823e+00 -1.238712905300981104e+00 -6.100299267631577038e-01
-2.018303971567123156e+00 1.092133951119417690e+00 5.662235478584148884e-01
-1.060577644972562350e+00 -7.013050015189594699e-01 -8.108623937197120268e-01
-1.473624513306662553e+00 -1.231898895185921328e+00 -1.537617213709268960e+00
1.318115946043715736e+00 7.257372614167902913e-01 4.227792360161717888e-01
-1.464938586648214747e+00 2.258759592606539024e-01 6.072302508553288902e-01
1.878128656992568146e+00 -9.243210875453218289e-01 -1.270020245498871159e+00
1.438919333938026845e+00 8.691164181947481637e-01 3.353285040246172244e-01
2.067291654012622271e+00 -4.173696446045483954e-01 -9.892103295254918160e-01
-6.132779326857337177e-01 9.607516850247767026e-01 9.753315154919900420e-01
2.461866718827916856e+00 -3.361420842210445792e-01 -2.095769588242817061e-01
-7.308740899273248326e-01 1.391947416971812457e+00 8.075821921714586571e-01
-1.944161968183233169e+00 1.832102073187765745e-01 -5.214945223180851297e-01
1.534831610382140221e+00 -2.699362928092872704e-01 2.252174779263810614e-02
-1.627046646832937871e+00 1.540902486660834236e-01 -3.237844999838209725e-01
-1.025109473118705150e+00 1.515382541617660062e+00 8.134322628551989842e-01
1.125692326745106220e+00 1.708052058479925917e+00 1.176306365025925338e+00
-1.530641754435296598e+00 8.322891839570440986e-01 2.537745673822898174e-01
2.292147726608197544e+00 -1.885999049779763653e-02 5.246074152968275284e-01
-8.749652883311167528e-01 9.272804499350473240e-01 8.081827390180419401e-01
-1.562375741635635418e+00 4.610517646765773248e-01 3.454370368094077798e-02
7.168838705235323072e-01 1.795064918748432214e+00 1.147414643732887596e+00
7.825884396043618629e-01 7.764621881297453232e-01 1.179819514598293040e+00
1.245841025200313812e+00 -1.460345670148279984e+00 -7.532392782893463368e-01
-1.773761064229467888e+00 8.914956771543849912e-02 7.741146900162751976e-01
1.731656589807181623e+00 -3.468191760559141135e-01 2.510118950813178262e-01
4.363612047294738172e-01 8.729103474345289992e-01 1.383869297508021567e+00
-9.621168761069155417e-01 1.528080987944658631e+00 8.290782222272767843e-01
-2.017228180996116116e+00 -1.129596683320681416e+00 -8.823695929277617367e-01
-6.298469815225263280e-02 1.913494342351477639e+00 1.424805850504921700e+00
2.348737330301299497e+00 -4.379546431228561465e-01 -6.621486549372721520e-01
-7.755769412646924543e-01 -8.554794916663056581e-01 -9.714512337363536698e-01
-1.549623277461225745e+00 -9.171000997345490902e-02 -5.384154399758768195e-01
2.416143172769367187e+00 -1.618586620054804359e-01 2.291272517270779574e-01
1.986626431263545323e+00 5.139199565217252852e-01 1.091760120668029854e+00
5.739166736363235932e-01 -1.536543264586842650e+00 -8.849173900124081005e-01
-1.378972031332857284e+00 -7.722788446302031318e-01 -3.591096294253526278e-01
1.684630974113253687e+00 4.356765556586754684e-01 -1.284934464364277107e-01
1.012245185576235995e+00 -1.171417613674541336e+00 -6.685798745510795893e-01
1.816386331870084581e+00 -4.286663980491559056e-01 2.319555447395451886e-01
1.044986779165796076e+00 -1.356992525821038020e+00 -7.107040395791587306e-01
1.816114832173842286e+00 1.205300350711046686e+00 5.594015651151189594e-01
-6.190145407444334058e-01 1.095889042432559135e+00 8.751162571344854868e-01
8.585591759879972473e-01 -9.177941530437475626e-01 -8.285638393011041103e-01
-7.920095436846391612e-01 -1.806511933026774930e+00 -1.227181539869677040e+00
-3.761680381991905353e-01 1.491865262747148257e+00 8.965138606705754798e-01
-2.122079579115094372e+00 -8.722381930371752023e-01 -9.809242001749908235e-01
1.538319889878699609e+00 1.144146901472173683e+00 4.494145669952503974e-01
-1.726560003842814606e+00 1.322107179931956145e+00 1.225703288825453985e+00
-1.585123132257249878e+00 -2.392654770441562107e-01 -8.648807974522267905e-01
-3.246130458988880085e-01 -1.310786680921172564e+00 -8.970137527450783299e-01
-1.182024652326668424e+00 -1.032386631199319060e+00 -5.559654119187785737e-01
4.381337179392844616e-01 1.688188921387652197e+00 1.785756594861930280e+00
1.042440312671254032e+00 8.957230572881158537e-01 6.773316820215818934e-01
-2.204047761107446046e+00 -9.099952134543560778e-01 -6.571641539048996838e-01
-1.586336329936944622e+00 -1.759497381358376134e-01 -7.609279915513875725e-01
-3.445525424232452338e-01 -1.000398849733353579e+00 -1.067475839318151598e+00
-1.680119746832211325e+00 4.371477103612551596e-01 -1.228932359156150872e-01
-2.497797893136800340e+00 -5.085117852408768679e-02 -8.114167606930038079e-02
-1.214497456567672273e+00 -1.642958363456354043e+00 -1.396532026277869543e+00
1.793182091739852657e+00 -2.868048451118012654e-01 3.574208633515882916e-01
6.707548477724464275e-01 1.042212611542443934e+00 1.740473304292558199e+00
2.261711604267385045e+00 8.148709258049521287e-01 4.769474307890457232e-01
-1.642991456994366883e+00 2.617312785636189965e-01 -2.335089036911831561e-01
-1.932949021969958769e+00 -1.098621536725243431e+00 -4.696417418857095072e-01
-7.522172371242008548e-01 -1.315215842366731946e+00 -7.881340966317733621e-01
-2.030474098179446241e+00 1.115644781667528784e+00 6.855120798843222785e-01
1.096448610196187667e+00 -1.025184948474611613e+00 -1.672953492731633185e+00
-6.927337284702139719e-01 -1.591642550910830956e+00 -1.779108379631012982e+00
-1.000595372100117730e+00 8.094834480189977421e-01 1.507407821096112377e+00
1.639999608722003899e+00 -5.074090573961974326e-02 -6.249126349268895320e-01
1.823140959191824839e+00 -4.655539675896305102e-02 -7.411416884145324291e-01
1.903548760204852641e+00 3.498950241534783401e-01 -3.439321288445317260e-01
-1.837365116514016794e+00 -1.279310019540944310e-01 5.515567281403497280e-01
-1.263065144916383664e+00 -4.892867752006212489e-01 -7.342273808823696069e-01
-1.837191174071109434e-01 -1.601028443715941441e+00 -9.465337082591692708e-01
1.479482861195507759e+00 -3.133159566074836810e-01 -1.444158609606786825e-01
2.103836775416588090e+00 -8.110158386369326067e-01 -1.032308215563095377e+00
-1.933339548674117614e+00 1.120891905292477730e+00 1.120624550518684037e+00
-1.379500614163128080e+00 4.348467783143462051e-01 4.003368838361051063e-01
1.039625580095647206e-01 -1.309157367778366998e+00 -1.901728495755775850e+00
1.597495333065959588e+00 -4.038338273121607758e-01 -1.101772120442846559e+00
1.425039720814995858e+00 -5.427487438915723494e-01 -1.235739292662278110e+00
1.101650611320388329e+00 6.083193969957207958e-01 1.030932089766783966e+00
1.844040906218660902e+00 -1.200235937498172367e+00 -5.720758043327396347e-01
-1.430210606714054089e+00 1.572234263533288434e+00 1.076656983951449709e+00
1.938970735036919857e+00 -1.140669721391787794e+00 -5.543757023211054458e-01
-1.858398932896502487e+00 -1.319500087094208352e-01 5.553049867302518594e-01
-1.344826268425237947e-01 -1.523295059363308335e+00 -1.898931652979295226e+00
